470
0 5
6 8
9 11
12 14
15 18
19 24
25 26
27 29
30 34
35 36
37 42
43 47
48 53
54 58
59 64
65 66
67 71
72 75
76 77
78 82
83 86
87 90
91 95
96 101
102 106
107 109
110 115
116 120
121 125
126 131
132 133
134 139
140 143
1260 918952
1693 152577
3072 722554
5065 477921
5740 294794
5972 717843
6770 694522
7187 162753
7717 327740
8959 89989
10014 468039
12275 640256
13703 33331
13940 86765
14076 494326
15894 398436
16872 136720
17125 994489
19365 157045
20509 964700
22711 974430
23832 815665
26826 860245
27017 596512
27832 357560
30748 522704
31291 600017
31554 153098
32687 299455
32749 426475
33336 228341
33728 707271
33796 465384
34106 359070
35115 690390
37820 273814
40803 854296
42334 434378
44292 290005
44456 698507
45009 326006
45529 629928
46401 471965
46465 713200
47425 78546
48210 815801
48973 863407
49654 238956
50176 599551
50461 157835
50933 290488
51013 594268
52425 797125
53011 437745
54058 788862
55292 75647
57430 294575
58311 445107
58871 77454
59554 278133
60634 423333
61245 147358
62813 722342
63734 969671
64500 411110
65008 589193
65347 173996
66162 962040
67879 892305
67958 706230
68548 869549
70001 634389
72069 523420
75803 789059
76155 631799
76390 172099
77180 435305
78184 867345
80020 664981
80331 369011
83995 630094
84631 479193
85219 352794
87141 388567
87434 206222
91089 457204
93087 606849
93211 271779
93894 875754
93927 402885
94158 641585
95905 827195
98479 859705
99315 822842
99677 112658
101320 693950
109951 967204
110216 458848
112676 921232
113603 719583
113893 407379
115614 746666
118598 783231
119346 245977
121039 151295
121347 740718
122065 600811
122434 884160
123456 178864
124035 186313
124051 592950
125297 348954
128686 924121
130787 446885
133791 458085
134492 293085
134568 914359
136970 499765
137680 138067
143000 400677
144028 550081
144377 445302
147591 450600
148227 399189
148651 980258
149785 951128
150860 976980
152889 357556
153017 414590
157108 881751
157461 396119
160465 370591
161129 630494
161731 745556
161865 772799
163343 313344
163866 675196
165156 168167
168170 236647
170028 355452
171604 563913
172014 528065
172266 913954
175989 903271
176832 651101
177104 206755
177150 403331
178932 817792
180192 297441
180751 814017
181204 430666
183115 415996
183196 187094
183349 562481
183812 478105
184664 757964
188694 353187
189307 670229
191929 251687
193671 303426
194672 398298
196550 463952
197017 837930
197700 689941
201793 981323
201880 878972
204995 218192
207075 917318
207121 886800
209065 431515
210495 902508
218788 469181
223808 803655
224051 696874
224238 720267
224451 799321
224632 644306
225293 489437
226093 313921
227158 628885
229769 948495
232924 388812
233218 637046
237618 649335
238182 620133
238532 252763
240249 376251
241396 653606
241885 970807
241974 481245
242071 487973
242354 742061
243485 382631
247109 687011
247699 512820
248183 707887
248750 616087
250896 518930
252161 925894
253147 628549
253637 292526
253654 648067
254610 869999
255313 774021
256115 864002
256153 795702
257852 407360
258174 996154
259024 684499
259662 803022
268645 812378
268842 343704
277406 355841
279130 753613
280918 842476
283943 812793
285029 818172
286043 883958
287554 790385
288056 557370
288436 750962
288959 934526
290896 638628
293620 608281
294326 611732
294633 582916
298190 363679
303985 847403
307890 414475
310231 475701
312624 714859
313158 721564
317468 528086
318950 393605
319676 959609
321593 487236
325574 797854
326513 827410
326947 465286
327263 804303
334185 846934
334753 411610
336646 475218
336802 401064
337813 797304
340716 352668
343647 504309
345758 855695
348277 764863
350207 979346
350530 884993
350595 357402
353139 994902
355336 588460
355496 670141
356968 638303
358351 450171
361694 371022
365574 686046
365994 586240
371286 638140
371442 846337
371940 494022
373601 912988
374406 819473
376404 559990
378170 823981
378828 404921
383997 430451
384545 950673
386773 418025
387123 788064
387234 450001
387899 768579
388050 728734
391841 392471
392829 832133
394979 547266
395485 711109
395970 987569
398256 780790
400048 886056
401062 730191
401487 724763
402676 457555
402948 931724
403300 909856
406315 751665
407399 873452
407801 560802
409145 437007
410038 670013
410751 642804
411170 642242
414387 764612
414669 705675
417229 656014
417359 966391
417893 634588
419102 665780
424208 725602
429418 637358
431006 682744
435819 916387
438533 539285
440441 628573
446003 648025
446653 477550
448606 892631
450535 666046
452576 894979
454207 561745
455466 592941
455943 778686
456244 675069
458511 511832
463830 858230
464006 780083
464668 649279
468437 785792
468813 956170
468975 491744
474215 527412
474584 708989
477134 825258
480596 756280
485081 807783
486660 965556
486667 524158
486997 798839
487879 928034
488753 720223
490159 789265
491800 979768
492232 836878
497328 574102
502978 783543
505086 804103
505781 946052
507650 594858
507832 916403
508258 978039
511888 684583
513276 531142
513542 588167
521539 898357
523915 564161
524352 983008
528222 846440
531096 880505
542048 794426
543398 567466
550425 552765
558503 958857
559492 670506
559793 675328
562701 988549
564692 766418
566168 984219
566772 994828
575987 605268
576136 641798
577238 915516
579490 793667
582312 691451
584699 910393
586557 886886
587702 878323
589445 591054
590941 630084
592198 782662
599015 709800
599369 806416
601220 801060
604630 999966
607296 681558
608084 833842
608979 934959
611991 979626
614816 854160
620024 864591
620262 883279
631358 977588
632433 778677
633703 776663
633995 868668
637933 660708
640175 991338
641766 663177
644427 972793
649263 992222
651780 976813
654474 896449
656453 923653
656848 870994
657126 785920
661970 918173
665890 919383
680234 865289
685087 868423
685693 880507
689039 819637
689799 994723
693794 702109
695825 862425
696448 744371
696603 884980
700344 990450
705601 751795
711159 734308
716412 770468
728783 808330
730210 748178
735373 953979
744555 894463
746569 837359
756316 870386
764887 846728
767300 866226
768666 907738
782014 907202
784809 843772
817973 901877
820947 927213
828156 961823
829154 934190
829886 952751
830176 924861
830206 999509
841599 962479
858961 987525
865435 911446
886396 996786
888262 941516
891047 958232
892165 988681
975499 986187
